First Block Coordinate
46
1
260
Next Vertexs Coordinate
29
220
31
260
39
200
41
260
47
180
49
260
58
180
60
260
70
400
72
260
87
400
90
260
136
240
137
220
138
200
139
180
140
260
142
180
143
200
144
220
145
240
146
260
149
240
150
220
151
200
152
180
154
400
156
180
157
200
158
220
159
240
160
260
164
220
166
260
180
220
182
240
183
220
184
200
185
180
186
160
187
140
188
120
189
100
191
260
199
240
200
260